    10.9868239607846370    0.0000000000000000    0.0000000000000000
     0.0000000000000000   10.9868239607846370    0.0000000000000000
     0.0000000000000000    0.0000000000000000   10.9868239607846370
-239.15016495
0.0041
1210.97083568
10.658871536
Ba  5.49341198  5.49341198  5.49341198
Ba  0.  0.  0.
Ba  0.          8.24011797  5.49341198
Ba  0.          2.74670599  5.49341198
Ba  5.49341198  0.          8.24011797
Ba  5.49341198  0.          2.74670599
Ba  8.24011797  5.49341198  0.        
Ba  2.74670599  5.49341198  0.        
Si  3.45370811  7.53311585  7.53311585
Ga  7.53311585  7.53311585  3.45370811
Ga  3.45370811  3.45370811  3.45370811
Si  7.53311585  3.45370811  7.53311585
Si  8.94712009  2.03970387  8.94712009
Si  2.03970387  2.03970387  2.03970387
Al  8.94712009  8.94712009  2.03970387
Si  2.03970387  8.94712009  8.94712009
Si  7.53311585  3.45370811  3.45370811
Si  3.45370811  3.45370811  7.53311585
Al  7.53311585  7.53311585  7.53311585
Ga  3.45370811  7.53311585  3.45370811
Ga  2.03970387  8.94712009  2.03970387
Si  8.94712009  8.94712009  8.94712009
Si  2.03970387  2.03970387  8.94712009
Si  8.94712009  2.03970387  2.03970387
Si  5.49341198  8.24011797  0.        
Ga  5.49341198  2.74670599  0.        
Ga  0.          5.49341198  8.24011797
Ga  0.          5.49341198  2.74670599
Al  8.24011797  0.          5.49341198
Al  2.74670599  0.          5.49341198
Si  2.11935834  5.49341198  6.7843638 
Si  8.86746562  5.49341198  4.20246017
Si  2.11935834  5.49341198  4.20246017
Si  8.86746562  5.49341198  6.7843638 
Si  6.7843638   2.11935834  5.49341198
Si  4.20246017  2.11935834  5.49341198
Ga  6.7843638   8.86746562  5.49341198
Si  4.20246017  8.86746562  5.49341198
Si  5.49341198  6.7843638   2.11935834
Si  5.49341198  6.7843638   8.86746562
Si  5.49341198  4.20246017  8.86746562
Si  5.49341198  4.20246017  2.11935834
Ga  0.          3.37405364  9.69587215
Ga  0.          3.37405364  1.29095182
Si  0.          7.61277032  1.29095182
Si  0.          7.61277032  9.69587215
Ga  9.69587215  0.          3.37405364
Si  1.29095182  0.          7.61277032
Si  9.69587215  0.          7.61277032
Ga  1.29095182  0.          3.37405364
Si  3.37405364  9.69587215  0.        
Si  7.61277032  9.69587215  0.        
Si  3.37405364  1.29095182  0.        
Si  7.61277032  1.29095182  0.        