    10.9868239607846370    0.0000000000000000    0.0000000000000000
     0.0000000000000000   10.9868239607846370    0.0000000000000000
     0.0000000000000000    0.0000000000000000   10.9868239607846370
-220.19143058
0.1225
1341.59635109
11.0291139254
Ba  5.49341198  5.49341198  5.49341198
Ba  0.  0.  0.
Ba  0.          8.24011797  5.49341198
Ba  0.          2.74670599  5.49341198
Ba  5.49341198  0.          8.24011797
Ba  5.49341198  0.          2.74670599
Ba  8.24011797  5.49341198  0.        
Ba  2.74670599  5.49341198  0.        
Ge  3.45370811  7.53311585  7.53311585
Al  7.53311585  7.53311585  3.45370811
Ge  3.45370811  3.45370811  3.45370811
Al  7.53311585  3.45370811  7.53311585
Al  8.94712009  2.03970387  8.94712009
Ge  2.03970387  2.03970387  2.03970387
Ge  8.94712009  8.94712009  2.03970387
Ge  2.03970387  8.94712009  8.94712009
Ga  7.53311585  3.45370811  3.45370811
Ge  3.45370811  3.45370811  7.53311585
Ge  7.53311585  7.53311585  7.53311585
Ge  3.45370811  7.53311585  3.45370811
Al  2.03970387  8.94712009  2.03970387
Ge  8.94712009  8.94712009  8.94712009
Ga  2.03970387  2.03970387  8.94712009
Ge  8.94712009  2.03970387  2.03970387
Ge  5.49341198  8.24011797  0.        
Ge  5.49341198  2.74670599  0.        
Ge  0.          5.49341198  8.24011797
Al  0.          5.49341198  2.74670599
Ge  8.24011797  0.          5.49341198
Ge  2.74670599  0.          5.49341198
Ge  2.11935834  5.49341198  6.7843638 
Ge  8.86746562  5.49341198  4.20246017
Al  2.11935834  5.49341198  4.20246017
Ge  8.86746562  5.49341198  6.7843638 
Al  6.7843638   2.11935834  5.49341198
Ga  4.20246017  2.11935834  5.49341198
Ge  6.7843638   8.86746562  5.49341198
Ge  4.20246017  8.86746562  5.49341198
Al  5.49341198  6.7843638   2.11935834
Al  5.49341198  6.7843638   8.86746562
Ge  5.49341198  4.20246017  8.86746562
Ge  5.49341198  4.20246017  2.11935834
Ga  0.          3.37405364  9.69587215
Ge  0.          3.37405364  1.29095182
Ge  0.          7.61277032  1.29095182
Ge  0.          7.61277032  9.69587215
Al  9.69587215  0.          3.37405364
Ge  1.29095182  0.          7.61277032
Ge  9.69587215  0.          7.61277032
Al  1.29095182  0.          3.37405364
Ge  3.37405364  9.69587215  0.        
Al  7.61277032  9.69587215  0.        
Ge  3.37405364  1.29095182  0.        
Ge  7.61277032  1.29095182  0.        